    unsorted:	 76.15435544 111.3386015 114.9234842 113.9705584 118.6330414 108.1070459 125.2705639 197.9305840 192.3655613 215.4702738 232.8004745 58.91081539 0.004934927600 272.3287223 309.8906624 373.9308320 388.3075342 408.3239933 424.2262854 454.2053508 458.0445401 485.4694900 534.0031280 549.6685204 611.6059620 673.0314601 687.6752929 741.0774104 762.7824628 799.3071974 866.2402445 875.7375372 931.7275049 984.6513672 1053.740507 1193.702610 1301.029868 1392.398526 1468.294653 1568.234963 1583.815521 1635.779169 1801.855119 1843.167189 1921.480560 1997.055160 2087.874572 2144.464784 2246.371951 2440.056211 2469.007992 2603.665609 2636.625731 2711.223122 2767.019571 2938.796455 3068.954661 3200.627215 3392.290023 3437.520212 3665.609372 4359.642364 4726.007598 7111.801578 7617.402466 9146.882490 16440.46579 33275.97566 43888.12023 102533.6278 130616.2094 365679.8808
      sorted:	 0.004934927600 58.91081539 76.15435544 108.1070459 111.3386015 113.9705584 114.9234842 118.6330414 125.2705639 192.3655613 197.9305840 215.4702738 232.8004745 272.3287223 309.8906624 373.9308320 388.3075342 408.3239933 424.2262854 454.2053508 458.0445401 485.4694900 534.0031280 549.6685204 611.6059620 673.0314601 687.6752929 741.0774104 762.7824628 799.3071974 866.2402445 875.7375372 931.7275049 984.6513672 1053.740507 1193.702610 1301.029868 1392.398526 1468.294653 1568.234963 1583.815521 1635.779169 1801.855119 1843.167189 1921.480560 1997.055160 2087.874572 2144.464784 2246.371951 2440.056211 2469.007992 2603.665609 2636.625731 2711.223122 2767.019571 2938.796455 3068.954661 3200.627215 3392.290023 3437.520212 3665.609372 4359.642364 4726.007598 7111.801578 7617.402466 9146.882490 16440.46579 33275.97566 43888.12023 102533.6278 130616.2094 365679.8808
