    unsorted:	 76.15435544 125.8952537 123.8529032 129.8033868 132.0326235 135.2546181 120.0324071 162.3427263 153.2949747 170.5095274 174.8916524 184.0025756 182.2084899 193.6706233 103.7067662 88.72074257 90.46549960 87.14362574 93.22027902 85.75098482 211.2261635 219.2302234 228.4612753 243.2711476 248.0107967 58.94809933 274.0778878 280.8520587 298.8319034 30.54251652 0.004934919691 432.1289485 466.6794680 474.1447809 518.9014858 568.0532682 579.1933274 616.4462033 715.6801942 758.6630835 835.9937997 872.5601578 916.5150315 958.3225498 997.1302893 1046.688758 1061.833358 1118.643939 1190.894491 1233.511894 1259.019851 1302.300382 1424.387219 1465.575325 1600.351235 1725.777015 1765.553218 1830.329189 1924.227332 2191.771461 2441.299478 2838.335292 2933.637337 3324.816654 3924.423978 4458.980300 7119.011205 17843.96411 -16627.88404 33328.73183 44835.07316 80055.99668 187922.2241
      sorted:	 -16627.88404 0.004934919691 30.54251652 58.94809933 76.15435544 85.75098482 87.14362574 88.72074257 90.46549960 93.22027902 103.7067662 120.0324071 123.8529032 125.8952537 129.8033868 132.0326235 135.2546181 153.2949747 162.3427263 170.5095274 174.8916524 182.2084899 184.0025756 193.6706233 211.2261635 219.2302234 228.4612753 243.2711476 248.0107967 274.0778878 280.8520587 298.8319034 432.1289485 466.6794680 474.1447809 518.9014858 568.0532682 579.1933274 616.4462033 715.6801942 758.6630835 835.9937997 872.5601578 916.5150315 958.3225498 997.1302893 1046.688758 1061.833358 1118.643939 1190.894491 1233.511894 1259.019851 1302.300382 1424.387219 1465.575325 1600.351235 1725.777015 1765.553218 1830.329189 1924.227332 2191.771461 2441.299478 2838.335292 2933.637337 3324.816654 3924.423978 4458.980300 7119.011205 17843.96411 33328.73183 44835.07316 80055.99668 187922.2241
