orig.iters <- c(6109,8929,9359,7959,3037,899,1237,8485,3811,4445,3232,9431,8336,5602,6846,1620,2857,9951,7240,6807,433,3766,9333,
           9412,8810,6810,7277,5760,6372,144,4636,7812,216,8531,40,65,7438,5610,2513,3060,3791,2889,1000,9710,3183,4543,
           2077,3125,2388,8703,7794,402,7125,6207,2174,2826,3478,7837,1334,2504,1632,748,8734,7482,4340,3871,1676,2285,3565,
           9943,1354,4691,8250,1125,6790,2105,8376,9205,1001,7537,1745,2773,6787,9660,4796,2138,2153,2386,7035,5877,302,8374,
           6645,7444,3617,8615,891,5233,5829,7434,3534,1655,578,5779,1963,6105,9329,5388,2268,7248,5913,9136,233,6131,6911,
           8620,2508,6743,8716,5359,4185,8307,3568,8961,4152,5426,3109,6313,1588,6342,2509,1035,1871,555,4364,9860,6900,4420,
           5730,3720,5379,6544,8902,315,8744,6371,5948,7406,7899,6110,503,821,8785,7618,6405,4473,5227,5153,6271,5260,9050,
           1387,3186,6485,617,8076,1892,4790,4363,8028,5075,8796,7670,468,6045,4359,7123,8959,8110,7478,5280,4083,8524,3142,
           8133,3887,1674,1867,5315,3359,7779,2688,7458,6031,7839,5015,4459,9449,4432,1520,5619,1504,9238,8687,9661,8830,5999,
           3780,15,7830,8756,839,9281,4131,4375,4794,2489,259,8595,264,2487,6032,843,4833,2560,8778,38,6133,4080,3369,
           8661,1210,5622,7551,1681,5795,1459,2294,6594,3459,2067,203,1133,3040,3085,4696,9240,6757,7322,5825,8549,7384,9308,
           4959,172,263,1294,1394,4668,769,6724,3344,4683,651,3476,9712,7445,4435,1911,1408,2949,3653,4708,8897,3001,5714,
           5957,2265,1397,6964,3320,20,6862,969,5528,9212,7231,9196,2011,9581,6408,1319,8147,8092,1375,2349,9362,9403,6697,
           1718,6621,2526,3513,515,4498,5587,9655,5487,7525,8675,4518,9448,3753,9510,2767,3757,6815,6468,6998,8978,7816,4861,
           7002,802,2181,3878,6368,9539,4575,106,3755,6272,869,7685,4079,5854,2118,5906,9401,7606,3180,6294,6202,8153,8995,
           9364,5991,7626,4171,5725,5844,2633,9813,401,2242,432,1960,8539,8974,7207,1550,9137,3559,8300,2478,9191,751,4767,
           3175,1486,749,8685,7220,5284,5881,4014,4655,954,1268,1389,2999,1204,8560,6336,1653,3450,7975,4520,5258,7145,6548,
           8126,4889,1841,1586,7135,1434,2989,2732,9186,6857,7382,2969,2186,1539,2401,3816,8784,9610,1989,6116,4746,4807,1984,
           811,8326,3393,3384,5975,4169,2408,5072,6798,9150,7570,7093,4986,5288,6547,1105,4992,7391,3700,5691,9257,4726,516,
           9487,3081,6064,1216,1844,7924,804,208,8106,8832,5738,4029,3269,1587,7821,3401,1967,1042,3563,4463,9363,2967,7501,
           3484,7915,1275,9803,4929,1974,3810,6317,8608,7167,1318,8892,8476,3015,6928,9366,8127,2148,5098,443,5490,8418,5956,
           7728,7442,3807,5264,2836,7976,6320,7162,6791,5745,7284,9940,2804,9604,5119,8864,3254,1115,2637,8873,4808,5952,1868,
           9906,9654,8350,6991,4687,775,2884,4669,1951,7992,3016,5064,1016,9971,3028,112,6287,738,2039,1183,72,5102,5149,
           7666,7530,2151,8032,5196,6916,383,3914,9936,1599,6600,941,3487,3010,4096,554,1293,6795,2691,7061,5364,4945,4127,
           2303,7639,8473,3066,220,9684,5955,3200,8885,1529,100,9413,5413,3665,6515,3987,2510,5175,3590,1623,2295,9534,8514,
           5816,7906,8280,7390,3947,9464,8650,3281,2019,8526,9495,3981,4843,2632,4480,5645,5733,7218,786,1983,1723,3806,5683,
           3249,2132,326,2745,209,5445,1347,1344,6700,8027,5094,3216,7320,7165,9863,5406,8448,1902,1845,4170,2471,9477,9045,
           498,1187,9461,7736,6667,7377,2815,3501,810,6082,7966,5303,5967,946,5219,2720,4057,8845,601,3967,4734,1423,6306,
           2353,3702,138,3628,2279,9087,4118,7625,7865,3504,3167,1608,6556,6528,3854,6276,5950,567,1056,4066,1942,5434,691,
           5993,2178,5088,3006,4303,6132,7971,218,1485,6888,5263,7295,4222,1543,2916,636,387,7515,7084,2539,1399,5200,7340,
           9266,8774,607,4067,6097,30,5036,6343,8361,7929,6280,1849,4707,1356,253,619,8188,6793,1916,3885,9204,1156,4285,
           2630,3678,1787,8318,4302,533,7003,462,4194,6866,2352,7513,1630,5689,9968,5107,1203,2045,1777,8440,431,1727,3196,
           8304,8195,2917,3465,9315,9811,1795,3132,798,7678,8413,3762,7520,8487,1424,5580,1402,7210,5226,6060,6730,6392,3448,
           8229,186,4205,2563,3447,1756,4572,5141,7101,1907,9993,710,6833,2013,7801,8483,6717,4820,6510,7723,3497,1265,7447,
           8498,716,1373,948,4490,6216,898,9838,8345,1695,9473,5185,3575,576,3148,6769,2669,7309,2346,6328,7561,9141,1182,
           7925,8132,2327,3370,439,5781,8124,8548,5892,119,8865,1450,3693,8044,1538,740,4864,5545,5688,4055,9512,4519,5856,
           7472,9695,7394,3784,7518,3052,5899,6046,5758,2855,7177,6709,6615,2556,6927,4951,5231,8655,9651,5206,9837,5960,9350,
           9997,4812,8795,8911,8986,2886,2037,1242,968,6628,9750,8101,3287,5540,1033,1322,6256,9140,2956,5474,1742,2946,9294,
           2121,9003,2675,5985,3622,8423,6473,8060,2683,4507,7502,9479,867,8411,9491,2085,8816,4125,2187,7250,5201,8976,604,
           1988,1292,8758,9525,4226,4637,7389,8334,2206,6552,6434,9446,3752,8805,3098,1349,3899,9107,6438,5111,9459,6784,4580,
           5329,7895,5137,3891,8162,6726,8182,892,9111,408,2486,4658,9736,6160,320,6341,8645,5937,4663,2778,6702,284,7698,
           3500,8118,4657,6834,3240,5259,3585,6721,3306,3475,1185,5189,3352,5551,5503,4197,9383,3097,2082,996,623,6238,8272,
           2410,2847,8664,8570,6839,363,194,4919,8577,1232,5751,975,8955,8031,5559,2491,2968,1088,3102,1878,5005,889,5041,
           5121,4910,7550,1073,7392,2334,3308,5191,9061,3511,4151)
